24.999239
24.996957
24.993155
24.987833
24.980993
24.972637
24.962768
24.951390
24.938504
24.924116
24.908229
24.890848
24.871980
24.851628
24.829801
24.806504
24.781744
24.755529
24.727866
24.698766
24.668235
24.636284
24.602922
24.568159
24.532006
24.494474
24.455575
24.415319
24.373720
24.330790
24.286543
24.240991
24.194148
24.146029
24.096648
24.046021
23.994162
23.941089
23.886815
23.831359
23.774738
23.716967
23.658066
23.598051
23.536941
23.474755
23.411512
23.347231
23.281931
23.215632
23.148355
23.080120
23.010947
22.940859
22.869875
22.798018
22.725310
22.651772
22.577427
22.502298
22.426408
22.349779
22.272436
22.194400
22.115697
22.036350
21.956384
21.875822
21.794689
21.713010
21.630810
21.548114
21.464947
21.381333
21.297300
21.212872
21.128074
21.042934
20.957476
20.871726
20.785711
20.699458
20.612991
20.526338
20.439525
20.352578
20.265523
20.178388
20.091199
20.003982
19.916763
19.829570
19.742429
19.655366
19.568408
19.481582
19.394913
19.308428
19.222154
19.136116
19.050342
18.964856
18.879685
18.794855
18.710392
18.626322
18.542669
18.459460
18.376719
18.294473
18.212746
18.131562
18.050947
17.970925
17.891521
17.812758
17.734661
17.657253
17.580558
17.504599
17.429400
17.354982
17.281370
17.208585
17.136650
17.065585
16.995414
16.926157
16.857835
16.790470
16.724081
16.658689
16.594314
16.530975
16.468692
16.407483
16.347368
16.288364
16.230489
16.173762
16.118199
16.063817
16.010633
15.958663
15.907923
15.858427
15.810193
15.763233
15.717562
15.673195
15.630144
15.588423
15.548044
15.509021
15.471363
15.435084
15.400194
15.366704
15.334623
15.303963
15.274731
15.246937
15.220590
15.195696
15.172265
15.150303
15.129817
15.110813
15.093296
15.077273
15.062747
15.049724
15.038208
15.028201
15.019707
15.012729
15.007268
15.003327
15.000906
15.000006
15.000628
15.002771
15.006435
15.011619
15.018320
15.026537
15.036268
15.047509
15.060257
15.074509
15.090259
15.107503
15.126236
15.146452
15.168145
15.191309
15.215935
15.242018
15.269548
15.298518
15.328919
15.360740
15.393974
15.428609
15.464636
15.502042
15.540817
15.580949
15.622426
15.665235
15.709363
15.754797
15.801522
15.849525
15.898792
15.949306
16.001052
16.054016
16.108180
16.163529
16.220045
16.277711
16.336510
16.396424
16.457435
16.519523
16.582670
16.646858
16.712066
16.778274
16.845463
16.913611
16.982699
17.052705
17.123608
17.195386
17.268017
17.341480
17.415752
17.490810
17.566632
17.643195
17.720474
17.798447
17.877090
17.956379
18.036290
18.116799
18.197880
18.279510
18.361664
18.444316
18.527441
18.611015
18.695011
18.779405
18.864169
18.949280
19.034710
19.120434
19.206425
19.292658
19.379106
19.465744
19.552543
19.639479
19.726525
19.813654
19.900839
19.988055
20.075274
20.162471
20.249618
20.336689
20.423658
20.510497
20.597182
20.683684
20.769979
20.856039
20.941839
21.027352
21.112553
21.197415
21.281912
21.366020
21.449712
21.532962
21.615747
21.698039
21.779815
21.861049
21.941717
22.021794
22.101256
22.180078
22.258237
22.335709
22.412470
22.488497
22.563767
22.638256
22.711943
22.784805
22.856819
22.927963
22.998217
23.067558
23.135966
23.203420
23.269899
23.335383
23.399852
23.463286
23.525666
23.586974
23.647190
23.706296
23.764274
23.821107
23.876777
23.931267
23.984562
24.036643
24.087496
24.137106
24.185456
24.232533
24.278322
24.322809
24.365980
24.407823
24.448325
24.487473
24.525256
24.561661
24.596678
24.630297
24.662507
24.693297
24.722660
24.750585
24.777065
24.802091
24.825656
24.847753
24.868374
24.887514
24.905166
24.921326
24.935989
24.949149
24.960803
24.970948
24.979580
24.986697
24.992296
24.996376
24.998936
24.999975
24.999492
24.997487
24.993962
24.988918
24.982355
24.974276
24.964683
24.953580
24.940969
24.926855
24.911241
24.894133
24.875536
24.855455
24.833896
24.810867
24.786374
24.760424
24.733025
24.704186
24.673916
24.642224
24.609118
24.574611
24.538711
24.501430
24.462779
24.422771
24.381416
24.338728
24.294720
24.249405
24.202797
24.154910
24.105758
24.055358
24.003723
23.950870
23.896814
23.841573
23.785163
23.727601
23.668904
23.609092
23.548181
23.486190
23.423138
23.359045
23.293930
23.227812
23.160712
23.092650
23.023647
22.953724
22.882902
22.811203
22.738649
22.665261
22.591062
22.516074
22.440321
22.363826
22.286611
22.208700
22.130117
22.050886
21.971031
21.890576
21.809545
21.727964
21.645858
21.563250
21.480167
21.396633
21.312674
21.228316
21.143584
21.058504
20.973102
20.887404
20.801436
20.715224
20.628794
20.542173
20.455387
20.368463
20.281426
20.194304
20.107122
20.019908
19.932688
19.845488
19.758336
19.671257
19.584278
19.497425
19.410725
19.324205
19.237890
19.151808
19.065983
18.980443
18.895212
18.810318
18.725786
18.641642
18.557911
18.474619
18.391792
18.309453
18.227629
18.146344
18.065624
17.985492
17.905973
17.827091
17.748870
17.671335
17.594508
17.518413
17.443073
17.368511
17.294750
17.221813
17.149720
17.078495
17.008159
16.938734
16.870240
16.802698
16.736130
16.670554
16.605992
16.542462
16.479985
16.418579
16.358262
16.299054
16.240972
16.184034
16.128257
16.073658
16.020254
15.968061
15.917095
15.867372
15.818905
15.771712
15.725805
15.681198
15.637906
15.595941
15.555317
15.516045
15.478137
15.441605
15.406461
15.372714
15.340375
15.309455
15.279961
15.251904
15.225292
15.200133
15.176434
15.154204
15.133447
15.114172
15.096383
15.080087
15.065288
15.051990
15.040198
15.029915
15.021145
15.013890
15.008152
15.003933
15.001235
15.000057
15.000401
15.002266
15.005653
15.010559
15.016983
15.024924
15.034378
15.045344
15.057817
15.071794
15.087271
15.104243
15.122705
15.142650
15.164074
15.186970
15.211330
15.237147
15.264414
15.293121
15.323261
15.354824
15.387801
15.422181
15.457954
15.495109
15.533635
15.573521
15.614753
15.657320
15.701208
15.746404
15.792895
15.840666
15.889702
15.939989
15.991512
16.044255
16.098201
16.153335
16.209639
16.267097
16.325690
16.385402
16.446213
16.508106
16.571062
16.635061
16.700084
16.766111
16.833122
16.901097
16.970015
17.039854
17.110595
17.182215
17.254692
17.328005
17.402131
17.477047
17.552731
17.629160
17.706311
17.784159
17.862681
17.941854
18.021653
18.102055
18.183033
18.264565
18.346625
18.429188
18.512229
18.595722
18.679643
18.763966
18.848665
18.933714
19.019088
19.104760
19.190705
19.276895
19.363306
19.449911
19.536683
19.623596
19.710624
19.797739
19.884917
19.972129
20.059349
20.146552
20.233710
20.320797
20.407786
20.494651
20.581366
20.667904
20.754238
20.840343
20.926193
21.011760
21.097020
21.181945
21.266512
21.350692
21.434462
21.517795
21.600666
21.683051
21.764923
21.846258
21.927031
22.007218
22.086793
22.165734
22.244016
22.321615
22.398508
22.474671
22.550080
22.624714
22.698549
22.771563
22.843733
22.915038
22.985456
23.054966
23.123546
23.191175
23.257834
23.323501
23.388156
23.451781
23.514355
23.575860
23.636277
23.695587
23.753772
23.810816
23.866699
23.921406
23.974920
24.027224
24.078303
24.128141
24.176722
24.224033
24.270058
24.314783
24.358196
24.400283
24.441030
24.480426
24.518459
24.555117
24.590388
24.624263
24.656731
24.687781
24.717405
24.745594
24.772338
24.797631
24.821463
24.843828
24.864719
24.884130
24.902054
24.918487
24.933423
24.946858
24.958788
24.969208
24.978117
24.985511
24.991387
24.995745
24.998582
24.999899
24.999693
24.997967
24.994720
24.989952
24.983666
24.975864
24.966548
24.955720
24.943384
24.929544
24.914204
24.897368
24.879043
24.859232
24.837943
24.815182
24.790955
24.765270
24.738136
24.709559
24.679550
24.648116
24.615268
24.581016
24.545369
24.508340
24.469938
24.430177
24.389067
24.346622
24.302854
24.257776
24.211403
24.163749
24.114827
24.064653
24.013243
23.960611
23.906774
23.851748
23.795550
23.738197
23.679706
23.620096
23.559384
23.497589
23.434730
23.370825
23.305895
23.239959
23.173036
23.105149
23.036316
22.966560
22.895900
22.824360
22.751960
22.678722
22.604670
22.529825
22.454210
22.377848
22.300762
22.222977
22.144515
22.065400
21.985657
21.905310
21.824383
21.742901
21.660888
21.578370
21.495372
21.411919
21.328036
21.243748
21.159083
21.074065
20.988719
20.903073
20.817153
20.730983
20.644591
20.558003
20.471245
20.384344
20.297326
20.210217
20.123045
20.035834
19.948613
19.861408
19.774245
19.687150
19.600151
19.513273
19.426544
19.339989
19.253635
19.167508
19.081634
18.996040
18.910751
18.825794
18.741194
18.656977
18.573168
18.489794
18.406880
18.324450
18.242530
18.161145
18.080320
18.000078
17.920446
17.841446
17.763103
17.685440
17.608482
17.532252
17.456773
17.382067
17.308158
17.235068
17.162820
17.091435
17.020935
16.951342
16.882676
16.814959
16.748211
16.682453
16.617704
16.553985
16.491314
16.429710
16.369194
16.309782
16.251493
16.194344
16.138354
16.083539
16.029916
15.977500
15.926309
15.876358
15.827661
15.780234
15.734091
15.689246
15.645712
15.603504
15.562634
15.523114
15.484956
15.448173
15.412774
15.378771
15.346175
15.314995
15.285240
15.256920
15.230043
15.204618
15.180652
15.158153
15.137127
15.117581
15.099520
15.082951
15.067878
15.054306
15.042239
15.031680
15.022634
15.015102
15.009086
15.004590
15.001614
15.000159
15.000225
15.001812
15.004921
15.009550
15.015697
15.023361
15.032539
15.043229
15.055427
15.069130
15.084333
15.101033
15.119223
15.138898
15.160052
15.182680
15.206773
15.232324
15.259327
15.287772
15.317651
15.348955
15.381674
15.415799
15.451318
15.488222
15.526499
15.566137
15.607124
15.649448
15.693096
15.738054
15.784310
15.831848
15.880654
15.930714
15.982013
16.034534
16.088262
16.143180
16.199271
16.256520
16.314907
16.374416
16.435028
16.496725
16.559488
16.623298
16.688135
16.753980
16.820813
16.888614
16.957361
17.027034
17.097612
17.169073
17.241395
17.314557
17.388536
17.463310
17.538856
17.615150
17.692170
17.769893
17.848294
17.927350
18.007037
18.087330
18.168205
18.249638
18.331603
18.414076
18.497031
18.580444
18.664289
18.748540
18.833172
18.918159
19.003476
19.089095
19.174992
19.261140
19.347513
19.434084
19.520827
19.607717
19.694725
19.781827
19.868995
19.956203
20.043424
20.130632
20.217800
20.304902
20.391911
20.478801
20.565545
20.652117
20.738490
20.824639
20.910537
20.996158
21.081476
21.166464
21.251098
21.335351
21.419198
21.502612
21.585570
21.668045
21.750012
21.831447
21.912325
21.992620
22.072310
22.151369
22.229773
22.307498
22.384521
22.460819
22.536368
22.611145
22.685128
22.758293
22.830619
22.902084
22.972665
23.042343
23.111094
23.178898
23.245735
23.311585
23.376427
23.440241
23.503009
23.564710
23.625327
23.684840
23.743233
23.800486
23.856583
23.911506
23.965239
24.017765
24.069068
24.119134
24.167946
24.215489
24.261750
24.306714
24.350368
24.392697
24.433690
24.473334
24.511617
24.548526
24.584052
24.618182
24.650908
24.682218
24.712103
24.740554
24.767563
24.793121
24.817220
24.839854
24.861015
24.880696
24.898893
24.915598
24.930808
24.944517
24.956722
24.967418
24.976603
24.984274
24.990427
24.995062
24.998178
24.999772
24.999844
24.998396
24.995426
24.990936
24.984927
24.977402
24.968362
24.957810
24.945749
24.932183
24.917117
24.900554
24.882500
24.862960
24.841940
24.819447
24.795488
24.770069
24.743198
24.714885
24.685136
24.653962
24.621371
24.587375
24.551982
24.515204
24.477052
24.437538
24.396674
24.354471
24.310944
24.266104
24.219967
24.172545
24.123854
24.073908
24.022722
23.970312
23.916693
23.861883
23.805898
23.748755
23.690470
23.631063
23.570551
23.508953
23.446286
23.382571
23.317827
23.252073
23.185329
23.117616
23.048954
22.979365
22.908869
22.837488
22.765243
22.692157
22.618251
22.543549
22.468073
22.391846
22.314891
22.237232
22.158891
22.079894
22.000264
21.920025
21.839202
21.757820
21.675902
21.593474
21.510562
21.427190
21.343383
21.259168
21.174570
21.089614
21.004326
20.918733
20.832861
20.746735
20.660382
20.573827
20.487099
20.400222
20.313223
20.226129
20.138966
20.051760
19.964539
19.877329
19.790156
19.703047
19.616029
19.529127
19.442368
19.355779
19.269387
19.183216
19.097294
19.011647
18.926300
18.841281
18.756613
18.672325
18.588440
18.504985
18.421984
18.339464
18.257449
18.175965
18.095035
18.014686
17.934940
17.855823
17.777358
17.699569
17.622481
17.546116
17.470498
17.395649
17.321593
17.248352
17.175949
17.104404
17.033741
16.963981
16.895144
16.827252
16.760326
16.694386
16.629451
16.565542
16.502678
16.440879
16.380162
16.320547
16.262052
16.204694
16.148491
16.093460
16.039617
15.986980
15.935564
15.885385
15.836458
15.788798
15.742420
15.697337
15.653563
15.611112
15.569996
15.530229
15.491822
15.454786
15.419134
15.384875
15.352021
15.320582
15.290566
15.261984
15.234843
15.209152
15.184919
15.162152
15.140856
15.121039
15.102707
15.085865
15.070518
15.056672
15.044330
15.033495
15.024173
15.016364
15.010071
15.005298
15.002044
15.000311
15.000099
15.001409
15.004240
15.008591
15.014461
15.021848
15.030750
15.041164
15.053087
15.066516
15.081446
15.097872
15.115790
15.135195
15.156079
15.178438
15.202264
15.227550
15.254288
15.282471
15.312089
15.343133
15.375595
15.409463
15.444729
15.481381
15.519408
15.558798
15.599540
15.641621
15.685028
15.729748
15.775767
15.823072
15.871648
15.921481
15.972554
16.024853
16.078362
16.133064
16.188942
16.245981
16.304161
16.363467
16.423879
16.485379
16.547949
16.611569
16.676220
16.741883
16.808537
16.876162
16.944738
17.014244
17.084658
17.155959
17.228126
17.301136
17.374968
17.449598
17.525005
17.601164
17.678054
17.755650
17.833929
17.912867
17.992440
18.072624
18.153395
18.234728
18.316598
18.398980
18.481849
18.565180
18.648948
18.733127
18.817691
18.902616
18.987874
19.073440
19.159288
19.245392
19.331726
19.418263
19.504977
19.591841
19.678830
19.765917
19.853074
19.940277
20.027498
20.114710
20.201887
20.289003
20.376031
20.462945
20.549718
20.636323
20.722735
20.808927
20.894872
20.980546
21.065921
21.150971
21.235672
21.319996
21.403919
21.487414
21.570457
21.653022
21.735084
21.816618
21.897600
21.978003
22.057805
22.136981
22.215506
22.293357
22.370511
22.446943
22.522630
22.597550
22.671679
22.744995
22.817476
22.889100
22.959844
23.029688
23.098610
23.166589
23.233604
23.299636
23.364663
23.428666
23.491626
23.553524
23.614340
23.674056
23.732655
23.790117
23.846426
23.901565
23.955517
24.008264
24.059792
24.110085
24.159127
24.206903
24.253400
24.298601
24.342495
24.385068
24.426305
24.466197
24.504729
24.541890
24.577669
24.612055
24.645038
24.676607
24.706753
24.735467
24.762739
24.788563
24.812929
24.835831
24.857261
24.877213
24.895681
24.912659
24.928143
24.942126
24.954606
24.965578
24.975039
24.982986
24.989417
24.994330
24.997722
24.999594
24.999945
24.998774
24.996082
24.991869
24.986138
24.978889
24.970125
24.959849
24.948064
24.934772
24.919980
24.903690
24.885907
24.866638
24.845889
24.823664
24.799972
24.774819
24.748213
24.720162
24.690675
24.659760
24.627428
24.593687
24.558548
24.522023
24.484121
24.444854
24.404236
24.362277
24.318990
24.274389
24.228488
24.181299
24.132839
24.083121
24.032160
23.979972
23.926573
23.871980
23.816208
23.759274
23.701197
23.641994
23.581682
23.520281
23.457808
23.394283
23.329725
23.264154
23.197589
23.130052
23.061562
22.992140
22.921808
22.850587
22.778498
22.705564
22.631806
22.557248
22.481912
22.405820
22.328996
22.251463
22.173246
22.094367
22.014850
21.934721
21.854003
21.772720
21.690899
21.608562
21.525737
21.442446
21.358717
21.274575
21.190045
21.105152
21.019923
20.934384
20.848561
20.762479
20.676165
20.589646
20.502947
20.416095
20.329116
20.242038
20.154885
20.067686
19.980466
19.893251
19.806070
19.718947
19.631910
19.544985
19.458198
19.371576
19.285146
19.198933
19.112963
19.027264
18.941861
18.856779
18.772046
18.687686
18.603726
18.520190
18.437105
18.354495
18.272386
18.190803
18.109770
18.029313
17.949455
17.870221
17.791636
17.713722
17.636504
17.560005
17.484249
17.409258
17.335056
17.261664
17.189106
17.117403
17.046577
16.976651
16.907644
16.839578
16.772474
16.706352
16.641232
16.577134
16.514078
16.452083
16.391167
16.331349
16.272648
16.215081
16.158666
16.103420
16.049359
15.996501
15.944861
15.894455
15.845298
15.797406
15.750792
15.705471
15.661458
15.618764
15.577404
15.537389
15.498733
15.461446
15.425540
15.391026
15.357915
15.326217
15.295940
15.267095
15.239691
15.213735
15.189235
15.166199
15.144634
15.124547
15.105943
15.088829
15.073209
15.059088
15.046471
15.035361
15.025762
15.017677
15.011107
15.006056
15.002524
15.000514
15.000024
15.001056
15.003609
15.007683
15.013276
15.020386
15.029012
15.039150
15.050798
15.063952
15.078608
15.094761
15.112407
15.131541
15.152156
15.174246
15.197805
15.222824
15.249298
15.277217
15.306574
15.337359
15.369562
15.403175
15.438186
15.474585
15.512362
15.551504
15.592000
15.633837
15.677003
15.721485
15.767268
15.814339
15.862684
15.912288
15.963136
16.015213
16.068502
16.122987
16.178652
16.235480
16.293453
16.352555
16.412766
16.474069
16.536445
16.599874
16.664339
16.729818
16.796293
16.863743
16.932146
17.001484
17.071734
17.142875
17.214885
17.287743
17.361426
17.435912
17.511179
17.587202
17.663960
17.741429
17.819585
17.898405
17.977864
18.057939
18.138604
18.219836
18.301609
18.383900
18.466682
18.549931
18.633621
18.717727
18.802223
18.887083
18.972282
19.057794
19.143593
19.229652
19.315946
19.402447
19.489131
19.575970
19.662938
19.750009
19.837156
19.924352
20.011571
20.098787
20.185973
20.273102
20.360148
20.447084
20.533885
20.620523
20.706972
20.793206
20.879198
20.964924
21.050355
21.135467
21.220233
21.304628
21.388626
21.472201
21.555329
21.637983
21.720139
21.801771
21.882855
21.963366
22.043280
22.122571
22.201217
22.279193
22.356476
22.433041
22.508866
22.583928
22.658203
22.731670
22.804305
22.876087
22.946993
23.017003
23.086095
23.154247
23.221440
23.287653
23.352865
23.417057
23.480209
23.542302
23.603317
23.663235
23.722039
23.779710
23.836231
23.891585
23.945755
23.998723
24.050475
24.100995
24.150266
24.198275
24.245006
24.290445
24.334579
24.377393
24.418876
24.459014
24.497795
24.535207
24.571239
24.605880
24.639120
24.670948
24.701355
24.730331
24.757867
24.783956
24.808589
24.831759
24.853458
24.873680
24.892420
24.909671
24.925427
24.939685
24.952440
24.963687
24.973424
24.981648
24.988356
24.993546
24.997216
24.999366
24.999994
24.999101
24.996687
24.992752
24.987298
24.980326
24.971839
24.961838
24.950328
24.937312
24.922793
24.906776
24.889266
24.870268
24.849788
24.827832
24.804407
24.779520
24.753179
24.725391
24.696166
24.665511
24.633437
24.599952
24.565068
24.528795
24.491144
24.452126
24.411753
24.370038
24.326992
24.282631
24.236966
24.190011
24.141782
24.092292
24.041557
23.989592
23.936413
23.882037
23.826479
23.769756
23.711887
23.652887
23.592777
23.531573
23.469294
23.405960
23.341589
23.276201
23.209817
23.142455
23.074138
23.004885
22.934717
22.863657
22.791725
22.718944
22.645335
22.570921
22.495725
22.419769
22.343077
22.265672
22.187578
22.108818
22.029416
21.949397
21.868785
21.787603
21.705878
21.623634
21.540896
21.457688
21.374038
21.289969
21.205507
21.120679
21.035510
20.950025
20.864252
20.778215
20.691942
20.605458
20.518790
20.431964
20.345007
20.257944
20.170803
20.083610
19.996392
19.909175
19.821985
19.734850
19.647795
19.560848
19.474034
19.387380
19.300912
19.214658
19.128642
19.042891
18.957432
18.872290
18.787491
18.703061
18.619026
18.535411
18.452241
18.369543
18.287341
18.205660
18.124525
18.043960
17.963991
17.884641
17.805936
17.727897
17.650551
17.573919
17.498025
17.422893
17.348545
17.275004
17.202292
17.130431
17.059444
16.989351
16.920175
16.851935
16.784654
16.718351
16.653047
16.588761
16.525513
16.463323
16.402209
16.342189
16.283283
16.225507
16.168881
16.113420
16.059141
16.006062
15.954199
15.903566
15.854180
15.806056
15.759207
15.713650
15.669396
15.626461
15.584856
15.544595
15.505689
15.468152
15.431993
15.397224
15.363856
15.331899
15.301362
15.272255
15.244587
15.218366
15.193599
15.170296
15.148462
15.128104
15.109229
15.091843
15.075949
15.061554
15.048662
15.037277
15.027402
15.019040
15.012193
15.006865
15.003056
15.000767
15.000000
15.000754
15.003030
15.006826
15.012141
15.018975
15.027324
15.037186
15.048558
15.061438
15.075820
15.091700
15.109074
15.127936
15.148281
15.170102
15.193394
15.218147
15.244356
15.272012
15.301107
15.331631
15.363576
15.396932
15.431689
15.467836
15.505362
15.544256
15.584505
15.626099
15.669023
15.713265
15.758812
15.805649
15.853762
15.903138
15.953760
16.005613
16.058681
16.112950
16.168400
16.225017
16.282783
16.341680
16.401690
16.462795
16.524976
16.588215
16.652492
16.717787
16.784082
16.851355
16.919586
16.988754
17.058839
17.129819
17.201672
17.274377
17.347911
17.422252
17.497378
17.573265
17.649891
17.727232
17.805264
17.883964
17.963308
18.043272
18.123832
18.204962
18.286638
18.368836
18.451531
18.534696
18.618307
18.702339
18.786766
18.871562
18.956701
19.042158
19.127906
19.213919
19.300172
19.386638
19.473290
19.560103
19.647050
19.734103
19.821238
19.908428
19.995645
20.082863
20.170056
20.257198
20.344261
20.431219
20.518047
20.604716
20.691202
20.777477
20.863516
20.949291
21.034778
21.119951
21.204782
21.289247
21.373319
21.456973
21.540185
21.622927
21.705176
21.786905
21.868091
21.948709
22.028733
22.108140
22.186906
22.265006
22.342417
22.419115
22.495077
22.570280
22.644700
22.718316
22.791105
22.863044
22.934112
23.004287
23.073548
23.141874
23.209244
23.275637
23.341033
23.405413
23.468756
23.531044
23.592257
23.652377
23.711386
23.769265
23.825997
23.881566
23.935953
23.989142
24.041117
24.091863
24.141363
24.189603
24.236569
24.282245
24.326618
24.369674
24.411401
24.451785
24.490815
24.528478
24.564763
24.599659
24.633156
24.665242
24.695909
24.725147
24.752947
24.779301
24.804200
24.827637
24.849606
24.870098
24.889109
24.906632
24.922662
24.937194
24.950223
24.961746
24.971759
24.980260
24.987244
24.992712
24.996659
24.999087
24.999993
24.999378
24.997241
24.993584
24.988407
24.981712
24.973501
24.963777
24.952542
24.939801
24.925556
24.909812
24.892574
24.873847
24.853638
24.831951
24.808794
24.784173
24.758097
24.730573
24.701609
24.671215
24.639399
24.606171
24.571542
24.535522
24.498121
24.459352
24.419225
24.377754
24.334951
24.290829
24.245401
24.198681
24.150683
24.101422
24.050913
23.999172
23.946214
23.892054
23.836711
23.780200
23.722538
23.663744
23.603835
23.542829
23.480745
23.417602
23.353419
23.288216
23.222012
23.154827
23.086683
23.017599
22.947597
22.876698
22.804924
22.732296
22.658836
22.584568
22.509513
22.433694
22.357135
22.279859
22.201888
22.123248
22.043962
21.964053
21.883547
21.802468
21.720841
21.638689
21.556039
21.472916
21.389344
21.305350
21.220958
21.136195
21.051086
20.965657
20.879934
20.793944
20.707712
20.621264
20.534628
20.447829
20.360893
20.273848
20.186720
20.099534
20.012319
19.925099
19.837903
19.750755
19.663684
19.576715
19.489874
19.403189
19.316686
19.230390
19.144329
19.058528
18.973014
18.887812
18.802948
18.718449
18.634340
18.550646
18.467393
18.384607
18.302312
18.220534
18.139298
18.058627
17.978548
17.899083
17.820258
17.742096
17.664621
17.587857
17.511827
17.436554
17.362061
17.288371
17.215506
17.143488
17.072340
17.002082
16.932737
16.864325
16.796867
16.730384
16.664896
16.600423
16.536984
16.474599
16.413287
16.353066
16.293955
16.235972
16.179134
16.123459
16.068963
16.015664
15.963577
15.912719
15.863104
15.814748
15.767666
15.721871
15.677379
15.634202
15.592353
15.551846
15.512692
15.474903
15.438492
15.403469
15.369844
15.337628
15.306832
15.277463
15.249531
15.223045
15.198013
15.174442
15.152339
15.131711
15.112565
15.094906
15.078740
15.064071
15.050904
15.039243
15.029092
15.020454
15.013330
15.007725
15.003638
15.001072
15.000027
15.000503
15.002501
15.006019
15.011057
15.017614
15.025686
15.035272
15.046369
15.058974
15.073082
15.088689
15.105790
15.124381
15.144456
15.166008
15.189031
15.213518
15.239462
15.266854
15.295687
15.325951
15.357638
15.390737
15.425238
15.461132
15.498407
15.537052
15.577055
15.618404
15.661086
15.705089
15.750398
15.797001
15.844882
15.894028
15.944424
15.996053
16.048901
16.102952
16.158188
16.214593
16.272150
16.330842
16.390650
16.451556
16.513542
16.576589
16.640678
16.705789
16.771903
16.838999
16.907056
16.976055
17.045974
17.116792
17.188488
17.261039
17.334423
17.408619
17.483603
17.559353
17.635845
17.713057
17.790965
17.869545
17.948773
18.028626
18.109078
18.190106
18.271685
18.353789
18.436395
18.519476
18.603008
18.686965
18.771321
18.856052
18.941130
19.026531
19.112228
19.198195
19.284406
19.370835
19.457455
19.544240
19.631165
19.718201
19.805323
19.892504
19.979718
20.066938
20.154138
20.241291
20.328370
20.415350
20.502203
20.588904
20.675425
20.761740
20.847824
20.933650
21.019192
21.104423
21.189319
21.273852
21.357998
21.441731
21.525025
21.607855
21.690195
21.772022
21.853309
21.934032
22.014166
22.093688
22.172573
22.250796
22.328335
22.405165
22.481263
22.556606
22.631171
22.704935
22.777877
22.849973
22.921201
22.991541
23.060971
23.129469
23.197014
23.263587
23.329167
23.393734
23.457268
23.519750
23.581161
23.641482
23.700695
23.758782
23.815725
23.871507
23.926111
23.979520
24.031718
24.082689
24.132418
24.180890
24.228089
24.274001
24.318613
24.361911
24.403882
24.444512
24.483790
24.521704
24.558241
24.593392
24.627144
24.659489
24.690416
24.719915
24.747978
24.774597
24.799762
24.823467
24.845704
24.866467
24.885749
24.903544
24.919846
24.934652
24.947956
24.959755
24.970044
24.978820
24.986082
24.991827
24.996052
24.998757
24.999941
24.999604
24.997745
24.994365
24.989466
24.983048
24.975114
24.965666
24.954706
24.942240
24.928269
24.912798
24.895833
24.877378
24.857438
24.836021
24.813132
24.788778
24.762967
24.735706
24.707005
24.676871
24.645314
24.612343
24.577969
24.542202
24.505053
24.466533
24.426653
24.385427
24.342866
24.298983
24.253792
24.207307
24.159542
24.110511
24.060229
24.008711
23.955974
23.902033
23.846904
23.790605
23.733152
23.674563
23.614857
23.554050
23.492161
23.429210
23.365216
23.300197
23.234174
23.167167
23.099197
23.030283
22.960447
22.889710
22.818094
22.745620
22.672311
22.598188
22.523275
22.447594
22.371169
22.294021
22.216176
22.137656
22.058486
21.978690
21.898291
21.817315
21.735785
21.653728
21.571167
21.488128
21.404636
21.320717
21.236396
21.151699
21.066651
20.981279
20.895608
20.809664
20.723474
20.637064
20.550460
20.463689
20.376777
20.289749
20.202634
20.115457
20.028245
19.941024
19.853822
19.766663
19.679576
19.592586
19.505720
19.419005
19.332466
19.246131
19.160025
19.074175
18.988606
18.903345
18.818418
18.733850
18.649668
18.565896
18.482561
18.399688
18.317301
18.235427
18.154090
18.073314
17.993125
17.913546
17.834602
17.756318
17.678716
17.601820
17.525654
17.450241
17.375604
17.301766
17.228748
17.156574
17.085265
17.014843
16.945330
16.876746
16.809112
16.742450
16.676779
16.612119
16.548489
16.485911
16.424401
16.363980
16.304665
16.246474
16.189426
16.133538
16.078825
16.025307
15.972997
15.921913
15.872070
15.823483
15.776167
15.730137
15.685405
15.641987
15.599895
15.559141
15.519740
15.481701
15.445037
15.409760
15.375879
15.343405
15.312349
15.282719
15.254524
15.227773
15.202475
15.178636
15.156265
15.135367
15.115950
15.098019
15.081580
15.066637
15.053196
15.041260
15.030833
15.021918
15.014518
15.008635
15.004271
15.001427
15.000104
15.000302
15.002022
15.005263
15.010024
15.016303
15.024099
15.033409
15.044230
15.056560
15.070393
15.085727
15.102556
15.120876
15.140680
15.161963
15.184718
15.208938
15.234617
15.261745
15.290315
15.320319
15.351746
15.384588
15.418834
15.454475
15.491498
15.529894
15.569650
15.610754
15.653194
15.696956
15.742028
15.788395
15.836044
15.884961
15.935129
15.986535
16.039161
16.092993
16.148014
16.204207
16.261555
16.320041
16.379646
16.440354
16.502144
16.564999
16.628899
16.693825
16.759757
16.826675
16.894558
16.963387
17.033140
17.103795
17.175332
17.247728
17.320962
17.395011
17.469853
17.545465
17.621823
17.698906
17.776688
17.855147
17.934259
18.014000
18.094344
18.175269
18.256749
18.338759
18.421275
18.504271
18.587723
18.671604
18.755890
18.840554
18.925570
19.010914
19.096559
19.182479
19.268647
19.355038
19.441625
19.528383
19.615283
19.702301
19.789409
19.876582
19.963792
20.051013
20.138218
20.225382
20.312477
20.399476
20.486355
20.573085
20.659641
20.745996
20.832124
20.917999
21.003594
21.088884
21.173843
21.258445
21.342663
21.426473
21.509849
21.592766
21.675198
21.757120
21.838507
21.919335
21.999579
22.079214
22.158217
22.236563
22.314228
22.391190
22.467423
22.542906
22.617615
22.691527
22.764620
22.836872
22.908261
22.978765
23.048362
23.117032
23.184753
23.251505
23.317267
23.382021
23.445745
23.508420
23.570028
23.630549
23.689966
23.748260
23.805413
23.861408
23.916229
23.969857
24.022278
24.073474
24.123431
24.172133
24.219566
24.265714
24.310565
24.354104
24.396318
24.437194
24.476719
24.514883
24.551673
24.587077
24.621086
24.653688
24.684875
24.714636
24.742962
24.769845
24.795276
24.819248
24.841754
24.862786
24.882339
24.900405
24.916981
24.932061
24.945639
24.957713
24.968278
24.977331
24.984869
24.990891
24.995394
24.998377
24.999838
24.999779
24.998198
24.995096
24.990474
24.984333
24.976675
24.967504
24.956820
24.944628
24.930932
24.915735
24.899042
24.880858
24.861190
24.840042
24.817421
24.793334
24.767788
24.740792
24.712353
24.682480
24.651182
24.618469
24.584350
24.548837
24.511939
24.473668
24.434036
24.393054
24.350736
24.307094
24.262141
24.215891
24.168359
24.119557
24.069503
24.018210
23.965694
23.911971
23.857058
23.800971
23.743728
23.685346
23.625842
23.565234
23.503542
23.440783
23.376978
23.312145
23.246304
23.179475
23.111679
23.042936
22.973266
22.902693
22.831235
22.758916
22.685758
22.611783
22.537012
22.461470
22.385178
22.308161
22.230442
22.152043
22.072990
21.993306
21.913015
21.832143
21.750712
21.668750
21.586279
21.503325
21.419914
21.336071
21.251822
21.167191
21.082205
20.996890
20.911272
20.825376
20.739230
20.652858
20.566287
20.479545
20.392656
20.305648
20.218546
20.131379
20.044171
19.956950
19.869742
19.782574
19.695471
19.608462
19.521571
19.434827
19.348254
19.261879
19.175729
19.089830
19.004208
18.918889
18.833899
18.749264
18.665009
18.581161
18.497744
18.414785
18.332307
18.250338
18.168901
18.088020
18.007722
17.928030
17.848969
17.770562
17.692833
17.615807
17.539506
17.463954
17.389174
17.315188
17.242019
17.169689
17.098220
17.027635
16.957954
16.889199
16.821390
16.754549
16.688695
16.623849
16.560030
16.497258
16.435552
16.374931
16.315412
16.257015
16.199757
16.143655
16.088727
16.034989
15.982458
15.931149
15.881078
15.832261
15.784712
15.738445

